28.44888889	
24.97333333	
24.37333333	
24.78666667	
24.28666667	
25.14	
23.79111111	
25.03333333	
27.60666667	
22.2	
21.41111111	
22.45111111	
22.66444444	
22.97555556	
24.22222222	
25.64888889	
26.08444444	
24.21555556	
23.05111111	
22.23333333	
19.36666667	
22.18222222	
22.26666667	
24.26666667	
27.49111111	
24.40888889	
20.85777778	
21.59111111	
20.99555556	
19.89111111	
22.61333333	
23.78888889	
26.44444444	
24.55777778	
21.82222222	
21.70222222	
21.05333333	
20.88444444	
21.92888889	
23.38	
25.95111111	
24.07777778	
19.41777778	
20.68888889	
21.34666667	
23.77111111	
24.75555556	
26.23333333	
25.38666667	
23.26	
20.82222222	
20.96666667	
19.94444444	
21.70666667	
23.36888889	
26.78444444	
28.15111111	
25.75555556	
25.18444444	
23.38888889	
25.88444444	
26.51777778	
26.64222222	
28.72222222	