4.157777778	
4.333333333	
5.58	
7.751111111	
8.102222222	
4.582222222	
4.5	
4.191111111	
4.586666667	
5.877777778	
13.58222222	
17.5	
15.52222222	
12.08	
6.108888889	
5.373333333	
4.224444444	
9.66	
24.59777778	
25.98666667	
19.59111111	
16.31111111	
11.01777778	
5.277777778	
6.617777778	
15.85555556	
44.63333333	
46.61555556	
34.30444444	
28.14888889	
12.89777778	
5.946666667	
5.071111111	
16.32444444	
34.73333333	
39.45111111	
26.45111111	
18.13111111	
10.69333333
5.604444444	
4.18	
9.833333333	
25.77777778	
38.85333333	
25.01333333	
17.63111111	
7.477777778	
4.622222222	
6.617777778	
13.82666667	
34.94	
36.76222222	
20.86888889	
22.07555556	
16.29777778	
8.844444444	
15.96444444	
19.18222222	
25.12444444	
25.43333333	
21.26444444	
27.05111111	
18.15555556	
11.59111111