1353.330344	
873.3222272	
967.3035189	
845.4421381	
875.5546102	
1038.352294	
822.913952	
878.3797327	
1309.352739	
789.5144766	
696.9909676	
769.7804553	
747.5063054	
999.386929	
1027.678792	
1017.123662	
956.4427419	
794.9400693	
778.8993863	
763.8808463	
586.4376392	
944.9867657	
884.6859688	
941.4699332	
1013.003262	
917.3469141	
526.1801732	
628.7633952	
745.269468	
587.705266	
768.9771047	
850.1936402	
980.2207374	
930.0734917	
631.8525118	
718.6550062	
689.6318931	
684.7661272	
708.150834	
834.1069488	
997.2002772	
888.2366988	
533.4464538	
639.6669141	
686.3739866	
904.2971591	
918.6127196	
979.27951	
1076.785568	
834.5669933	
634.6275674	
800.5356347	
521.7496907	
828.9471715	
1032.772304	
1095.167241	
1135.518317	
918.786439	
1048.057219	
855.022148	
1036.142519	
1210.900574	
1157.223603	
1326.909305