90.63206632	
80.26726058	
167.3621826	
176.5036179	
196.2211532	
85.44645385	
104.3173719	
74.35983172	
143.2318931	
107.2790151	
270.5689483	
755.9209354	
724.0807968	
381.191804	
139.7319921	
98.34138085	
115.1009602	
285.4453898	
749.1140262	
740.0621826	
515.9348874	
396.548874	
328.8905518	
134.7044049	
255.3814204	
818.9790893	
1927.021158	
1304.744969	
638.9382876	
918.1314576	
308.8313982	
117.0572829	
150.5561792	
958.1083098	
1249.550111	
1165.415199	
595.4419253	
459.1164019	
362.9614254	
114.0614501	
40.25037862	
534.2594655	
1035.233358	
1024.138797	
539.6301114	
453.0930166	
223.4883692	
116.6320218	
152.4905518	
635.7204454	
1834.849399	
1586.021287	
544.3190745	
965.1123187	
750.3877456	
314.2430092	
1197.023232	
820.055808	
1560.879802	
1354.722717	
1258.350849	
1728.271324	
1003.828755	
408.4515912	